Number of blackholes = 2
mbh = 0.476561
sbhx = 0.0
sbhy = 0.0
sbhz = 0.0
pbhx = 0.13808
pbhy = 0.
pbhz = 0.
x = 0.0
y = -3.0
z = 0.0
//New Blackhole
mbh = 0.476562
sbhx = 0.0
sbhy = 0.0
sbhz = 0.0
pbhx = 0.13808
pbhy = 0.
pbhz = 0.
x = 0.0
y = 3.0
z = 0.0

//2 BH, symmetric, no spin
