# Sim Name 
simname=2bh_test
# Blobal Vars
name=2bh_noS_PinY_DifRes
exename=manybhexe
nzpt=12x13x17,16x17x25,24x25x33,32x33x41
nbh=2
mbh=0.47656,0.47656
sbh=0.0x0.0x0.0,0.0x0.0x0.0
pbh=0.0x0.13808x0.0,0.0x-0.13808x0.0
xbh=3.0x0.0x0.0,-3.0x0.0x0.0
rsurf=0.1
twopunch_res=20,30,40

#near case
dxyz_near=0.0015625
xmax_near=1.53125
xmin_near=1.46875

#mid case
dxyz_mid=0.0015625
xmax_mid=1.0
xmin_mid=-1.0

#far case
dxyz_far=0.0015625
xmax_far=2.53125
xmin_far=2.46875


