name=2bh_noS_PinY_equalmass_dx_0.0015625
exename=manybhexe_puncpow
cases=near
#gridside=plus
nzpt=32x33x41,40x41x49
nz=12
nbh=2
mbh=0.47656,0.47656  
sbh=0.0x0.0x0.0,0.0x0.0x0.0
pbh=0.0x0.13808x0.0,0.0x-0.13808x0.0
xbh=3.0x0.0x0.0,-3.0x0.0x0.0 
rsurf=0.25
precis=1.0e-12
twopunch_res=20,30,40
#
#near case

dxyz_near=0.0015625
xmax_near=3.03125
xmin_near=2.96875
ymax_near=0.53125
ymin_near=0.46875
zmax_near=0.53125
zmin_near=0.46875


