name=2bh_noS_PinY_rsurf_0.25_nz_12_TEST_puncpower_2.5
cases=near,mid,far
exename=manybhexe_puncpow
nzpt=32x33x41
nz=12
nbh=2
mbh=0.47656,0.47656
sbh=0.0x0.0x0.0,0.0x0.0x0.0
pbh=0.0x0.13808x0.0,0.0x-0.13808x0.0
xbh=3.0x0.0x0.0,-3.0x0.0x0.0
rsurf=0.25
precis=1.0e-9
puncpower=2.5
#twopunch_res=20,30,40


