name=2bh_noS_PinY_nearZone_rsurf_0.25_nz_12_puncpower_2_res_40x41x49
cases=near
exename=manybhexe_puncpow
nzpt=24x25x33,40x41x49
nz=12
nbh=2
mbh=0.47656,0.47656
sbh=0.0x0.0x0.0,0.0x0.0x0.0
pbh=0.0x0.13808x0.0,0.0x-0.13808x0.0
xbh=3.0x0.0x0.0,-3.0x0.0x0.0
rsurf=0.25
precis=1.0e-9
puncpower=2
#twopunch_res=20,30,40


