#Headding
# do not delete this line
var=val

# Simulation Name
simname=1bh_p0.1_s0.5_convergence
simmethods=manybh

# global values
exename=bbhcode
nbh=1
mbh=1

dxyz=0.003125
xmin_near=2.96875
xmax_near=3.03125

ymin_near=0.46875
ymax_near=0.53125

zmin_near=0.46875
zmax_near=0.53125


xmin_shift_near=0.03125
xmax_shift_near=0.03125
ymin_shift_near=0.21875
ymax_shift_near=0.28125
zmin_shift_near=0.21875
zmax_shift_near=0.28125


sbh=0.5x0.0x0.0
pbh=0.1x0.0x0.0
xbh=3.0x0.0x0.0


# ManyBH Variables

nzpt=4x5x9,8x9x13,12x13x17,16x17x25,24x25x33,32x33x41,40x41x49
#nzpt=4x5x9,8x9x13
rsurf=0.1
puncpower=0.25

# TwoPunc Variables
twopunch_res=20,30,40,50,60
