name=2bh_noS_noP
exename=manybhexe
nzpt=12x13x17,16x17x25,24x25x33,32x33x41
nbh=2
mbh=0.47656,0.47656
sbh=0.0x0.0x0.0,0.0x0.0x0.0
pbh=0.0x0.0x0.0,0.0x0.0x0.0
xbh=3.0x0.0x0.0,-3.0x0.0x0.0
rsurf=0.1
twopunch_res=20,30,40


