name=2bh_SinX_PinY_equalm_nz12_rsurf0.25
exename=manybhexe_puncpow
gridside=plus
nzpt=12x13x17,16x17x25,24x25x33,32x33x41
nz=12
nbh=2
mbh=0.47656,0.47656  
sbh=0.82843x0.0x0.0,0.82843x0.0x0.0
pbh=0.0x0.13808x0.0,0.0x-0.13808x0.0
xbh=3.0x0.0x0.0,-3.0x0.0x0.0 
rsurf=0.25
precis=1.0e-12
twopunch_res=20,30,40
