name=3BH_NoS_PinAll_HDF5_output_diff_mid_grid
exename=manybhexe_puncpow
#gridside=plus
nzpt=12x13x17,16x17x25,24x25x33,32x33x41
nz=12
nbh=3
mbh=0.3239234,0.3239234,0.3247293
sbh=0.0x0.0x0.0,0.0x0.0x0.0,0.0x0.0x0.0  
pbh=-0.0613136x0.0x0.0334305,-0.0613136x0.0x0.0334305,0.0x0.0x-0.0668610       
xbh=-3.6321068x-7.2642136x0.0,3.6321068x-7.2642136x0.0,0.0x14.5284272x0.0 
rsurf=0.25
precis=1.0e-9

xmin_mid=-3.0
xmax_mid=3.0



#twopunch_res=20,30,40
